112
4
7340
2
5643
4
2702
1
4233
1
5938
5
5294
4
8545
1
3013
4
2496
4
9759
4
8909
1
1905
4
6669
4
1102
5
5186
1
7552
1
3366
5
7556
3
8995
1
9767
5
4182
5
4017
1
2053
5
6914
5
1109
3
2215
2
5392
1
7176
3
7441
1
7380
2
7511
1
8168
5
3897
4
3047
1
3690
2
8790
5
2655
5
3636
5
2765
4
5290
5
7987
4
7451
4
2892
1
8074
5
6882
3
5345
4
1499
5
4715
1
1916
2
2276
4
9961
1
5721
1
2997
5
4899
1
5970
2
2929
1
2301
4
2534
5
8898
5
9400
5
8725
2
6545
2
8948
3
1202
5
3698
5
6802
3
9659
3
7006
4
8652
5
4631
5
8580
2
5593
4
7751
1
2125
3
6546
3
4571
1
7056
2
1725
3
5071
2
5099
3
4509
4
9938
1
3954
4
8711
4
3202
5
8484
5
1115
4
5619
1
2777
5
4080
1
9128
1
9173
3
5525
3
4352
2
4840
5
9998
3
7045
1
5415
4
3650
2
5157
2
1120
2
7934
5
5238
4
7122
4
7195
2
3949
1
2641
1
4198
3
3791
2
7206
5
8346
4
8023
